"station","line","line_id","gps_lat","gps_lon","go_lat","go_lon","baidu_lat","baidu_lon"
"爱国路",12,8,31.2821277583,121.5487572332,31.2800144365,121.5530380388,31.286351,121.559427
"安亭",11,35,31.2903171535,121.1575367811,31.2884467974,121.1620965364,31.294335,121.168602
"鞍山新村",8,23,31.2752131105,121.5051087029,31.2732050138,121.5095182545,31.278923,121.516066
"白银路",11,29,31.3475817411,121.2407752082,31.3456163684,121.245211582,31.351371,121.251801
"宝安公路",1,26,31.3716443573,121.4262966743,31.3698582267,121.4309422603,31.376207,121.437357
"宝山路",3,14,31.2534618006,121.4719653258,31.2515587496,121.4765143523,31.257464,121.483032
"宝山路",4,18,31.2534618006,121.4719653258,31.2515587496,121.4765143523,31.257464,121.483032
"宝杨路",3,26,31.3974321597,121.4750550587,31.3955502527,121.4795826275,31.401287,121.486126
"北桥",5,5,31.0469765039,121.4053874674,31.045050848,121.4100169602,31.051134,121.416485
"北新泾",2,27,31.2183044332,121.3694031894,31.216441865,121.3740165889,31.222104,121.38064
"北洋泾路",6,14,31.2413736847,121.5485316219,31.239241122,121.5528070631,31.245588,121.559229
"博兴路",6,10,31.2661227956,121.582728207,31.2639540028,121.5869446396,31.270058,121.593414
"曹杨路",3,10,31.2405719075,121.4130322361,31.2387464269,121.4176778221,31.244839,121.424183
"曹杨路",11,18,31.2405719075,121.4130322361,31.2387464269,121.4176778221,31.244839,121.424183
"曹杨路",4,22,31.2405719075,121.4130322361,31.2387464269,121.4176778221,31.244839,121.424183
"漕宝路",1,6,31.1701809476,121.4304095787,31.1683082149,121.4350390715,31.174651,121.441431
"漕宝路",12,25,31.1701809476,121.4304095787,31.1683082149,121.4350390715,31.174651,121.441431
"漕河泾开发区",9,13,31.1723430257,121.3929658545,31.1704796699,121.3976007117,31.17622,121.404164
"漕溪路",3,4,31.1785026407,121.4337148881,31.1766346953,121.4383443809,31.182978,121.444739
"昌吉东路",11,33,31.2955342697,121.1958991953,31.2935953555,121.2003784844,31.29994,121.206771
"昌平路",7,16,31.2359734754,121.4376999403,31.2341204747,121.4423187042,31.240476,121.448746
"常熟路",1,10,31.2155803213,121.4455843309,31.2137039902,121.4501816372,31.219964,121.456628
"常熟路",7,14,31.2155803213,121.4455843309,31.2137039902,121.4501816372,31.219964,121.456628
"场中路",7,24,31.3056739211,121.4090339147,31.3038772943,121.4136902295,31.309963,121.420162
"沈杜公路",8,1,31.0634550432,121.5078595711,31.0613414003,121.5122530294,31.06706,121.518803
"成山路",8,9,31.1728386784,121.4916900185,31.1708422243,121.4961639431,31.176478,121.50273
"赤峰路",3,17,31.2832213603,121.4779323529,31.2813051617,121.4824491929,31.287038,121.48899
"川沙",2,5,31.1887114081,121.6937530138,31.1866096153,121.6980606415,31.192886,121.704499
"创新中路",2,7,31.2155105215,121.6696202592,31.2133864568,121.673890336,31.219751,121.680337
"春申路",5,2,31.1002133853,121.3810924615,31.0982979288,121.3857112254,31.103958,121.392332
"打浦桥",9,7,31.2080922366,121.4643337198,31.2061652375,121.4688773819,31.212073,121.475402
"大柏树",3,18,31.2912751612,121.4785539075,31.2893591658,121.4830707476,31.295096,121.489614
"大场镇",7,23,31.2954266574,121.4118263811,31.2936252562,121.4164773315,31.29971,121.422947
"大渡河路",13,6,31.2336211352,121.3904680586,31.2317864813,121.3951082802,31.237536,121.401707
"大华三路",7,21,31.2757509067,121.4184164058,31.2739353691,121.4230619918,31.280186,121.429488
"大连路",12,12,31.2600172538,121.5086026574,31.2579995599,121.513012209,31.263723,121.519576
"大连路",4,15,31.2600172538,121.5086026574,31.2579995599,121.513012209,31.263723,121.519576
"大木桥路",12,21,31.1961823895,121.4590636039,31.1942735412,121.4636340881,31.200369,121.470103
"大木桥路",4,5,31.1961823895,121.4590636039,31.1942735412,121.4636340881,31.200369,121.470103
"大世界",8,15,31.2293264147,121.4747941108,31.2273814746,121.4793055864,31.233127,121.485885
"德平路",6,13,31.2474558398,121.5599008016,31.2453049322,121.5641547851,31.251659,121.570573
"滴水湖",16,1,30.9094839171,121.9254675588,30.9071273885,121.9295498809,30.913401,121.935987
"迪士尼",11,1,31.1435853458,121.6640578032,31.1414092082,121.6683064223,31.147665,121.674752
"东安路",4,4,31.1929346037,121.4501295779,31.1910486985,121.4547268842,31.197304,121.461154
"东安路",7,12,31.1929346037,121.4501295779,31.1910486985,121.4547268842,31.197304,121.461154
"东宝兴路",3,15,31.2619348273,121.4755716956,31.2600090518,121.4800885356,31.265746,121.486639
"东昌路",2,17,31.235377931,121.5110106662,31.2333506363,121.5154202178,31.239079,121.521998
"东川路",5,7,31.0201631997,121.4152588181,31.0182139504,121.4198829464,31.024468,121.426326
"东方体育中心",11,9,31.1555937578,121.4759621939,31.1536152444,121.480468305,31.159351,121.487012
"东方体育中心",8,7,31.1555937578,121.4759621939,31.1536152444,121.480468305,31.159351,121.487012
"东方体育中心",6,28,31.1555937578,121.4759621939,31.1536152444,121.480468305,31.159351,121.487012
"东靖路",6,7,31.2930534201,121.5846087102,31.2908899011,121.588814414,31.296804,121.595327
"东兰路",12,29,31.1570408686,121.3875346345,31.1551679382,121.3921694917,31.160908,121.398733
"东陆路",12,6,31.2847713832,121.5745721154,31.2826076345,121.578788548,31.288712,121.585248
"东明路",6,23,31.1745868534,121.5065413703,31.1725307345,121.5109455575,31.17825,121.517488
"洞泾",9,21,31.086555952,121.2260595948,31.0844749115,121.2304798753,31.090393,121.237014
"芳华路",7,3,31.1953435551,121.5457984968,31.1931915094,121.5500685736,31.199531,121.556478
"丰庄",13,3,31.2443221021,121.3510513883,31.2424417805,121.3556326013,31.248367,121.362183
"枫桥路",11,19,31.2437981939,121.4063948179,31.2419729066,121.4110457683,31.248068,121.41754
"复兴岛",12,7,31.2830019483,121.5571864202,31.2808702895,121.5614404037,31.287214,121.567831
"富锦路",1,28,31.394206011,121.4199484049,31.3924339974,121.4246047197,31.398683,121.43103
"港城路",6,1,31.3551520534,121.5704567397,31.3530265598,121.5746946299,31.359297,121.581148
"高科西路",6,22,31.1876163476,121.5054422496,31.185565035,121.5098464367,31.191286,121.516396
"高科西路",7,6,31.1876163476,121.5054422496,31.185565035,121.5098464367,31.191286,121.516396
"高青路",6,24,31.1615894101,121.5113257373,31.159528484,121.5157245601,31.165247,121.52227
"共富新村",1,25,31.3569965267,121.4293834475,31.355205435,121.4340290335,31.361557,121.440458
"共康路",1,22,31.32081808,121.4424199171,31.3190035056,121.4470440454,31.325355,121.453464
"顾村公园",7,29,31.3467226683,121.3680611555,31.3449130609,121.3726852838,31.350576,121.379313
"顾戴路",12,30,31.1428060428,121.3877427139,31.1409283237,121.3923775711,31.14667,121.398948
"光明路",11,37,31.2975400783,121.1130116209,31.2957340933,121.1176303848,31.301642,121.124143
"广兰路",2,9,31.2132042515,121.616363276,31.2110067842,121.6205636153,31.216662,121.627183
"广兰路",2,10,31.2132042515,121.616363276,31.2110067842,121.6205636153,31.216662,121.627183
"桂林公园",12,26,31.1686551947,121.4140344084,31.1667916421,121.4186692656,31.173038,121.425093
"桂林路",9,12,31.1767720912,121.4138715802,31.1749179146,121.4185118018,31.181001,121.424982
"国际客运中心",12,14,31.2521529541,121.4937893033,31.2501948746,121.4982685925,31.255835,121.504856
"国权路",10,6,31.2916344795,121.5057860781,31.2896313925,121.5102009941,31.295352,121.516743
"海伦路",4,17,31.2609669541,121.4843783033,31.2590088745,121.4888575925,31.264649,121.495445
"海伦路",10,10,31.2609669541,121.4843783033,31.2590088745,121.4888575925,31.264649,121.495445
"海天三路",2,2,31.1706747744,121.7925027065,31.1686092582,121.7968317919,31.174953,121.803224
"汉中路",1,15,31.2429467309,121.4541803225,31.2410618231,121.4587561711,31.24716,121.465237
"汉中路",13,12,31.2429467309,121.4541803225,31.2410618231,121.4587561711,31.24716,121.465237
"汉中路",12,17,31.2429467309,121.4541803225,31.2410618231,121.4587561711,31.24716,121.465237
"航津路",6,3,31.3375309744,121.5897840731,31.3353821196,121.5939951413,31.341305,121.600539
"航头东",16,8,31.057326833,121.6132843955,31.0550383421,121.6174686416,31.060692,121.624049
"航中路",10,31,31.1676200797,121.3501548125,31.1657014462,121.3547252967,31.171619,121.361249
"合川路",9,14,31.1684529032,121.3799583057,31.1665755804,121.384582434,31.172226,121.391169
"鹤沙航城",16,9,31.0800214863,121.6070101895,31.07774726,121.6111944356,31.083402,121.617792
"衡山路",1,9,31.2068490495,121.4421262044,31.2049816962,121.4467449683,31.211335,121.45316
"虹漕路",12,27,31.1658424097,121.4058620269,31.1639788571,121.4105022485,31.170066,121.41697
"虹口足球场",8,20,31.2728185001,121.4747466309,31.2708975135,121.4792634709,31.276632,121.485807
"虹口足球场",3,16,31.2728185001,121.4747466309,31.2708975135,121.4792634709,31.276632,121.485807
"虹梅路",12,28,31.1620896109,121.3928003302,31.1602214682,121.3974351874,31.165961,121.403996
"虹桥1号航站楼",10,26,31.193286867,121.3428556952,31.1913642527,121.3474100861,31.197476,121.3539
"虹桥2号航站楼",2,29,31.1961571245,121.3223397711,31.1941932128,121.3268458822,31.20056,121.333274
"虹桥2号航站楼",10,27,31.1961571245,121.3223397711,31.1941932128,121.3268458822,31.20056,121.333274
"虹桥火车站",2,30,31.1959131245,121.3169727712,31.1939492127,121.3214788823,31.200316,121.327907
"虹桥火车站",10,28,31.1959131245,121.3169727712,31.1939492127,121.3214788823,31.200316,121.327907
"虹桥路",4,26,31.1987677701,121.4169533615,31.1969185738,121.4215935831,31.20317,121.428032
"虹桥路",3,6,31.1987677701,121.4169533615,31.1969185738,121.4215935831,31.20317,121.428032
"虹桥路",10,20,31.1987677701,121.4169533615,31.1969185738,121.4215935831,31.20317,121.428032
"虹莘路",12,31,31.1391802082,121.3747406445,31.1372885165,121.3793647728,31.142943,121.38597
"后滩",7,10,31.1739244162,121.4689948093,31.1719830373,121.473533107,31.177884,121.480035
"呼兰路",1,24,31.341433628,121.4331098275,31.3396377646,121.4377554135,31.345991,121.444185
"花木路",7,1,31.213379625,121.5585531003,31.2112142713,121.5628017194,31.21757,121.569227
"花桥",11,38,31.3004110878,121.0995215784,31.2986051028,121.1041403423,31.304704,121.110606
"华宁路",5,9,31.0092759206,121.3904228348,31.0073172711,121.3950415987,31.013066,121.401635
"华夏东路",2,6,31.1989156064,121.6765800835,31.1968002697,121.680871618,31.203168,121.687295
"华夏西路",6,25,31.1519166421,121.5101979386,31.1498509079,121.5145967614,31.15557,121.521145
"华夏中路",16,12,31.1772592841,121.5792045511,31.1750471187,121.5834156193,31.18115,121.589873
"淮海中路",13,15,31.2219916036,121.4596139628,31.2200971223,121.4641898114,31.226198,121.470677
"黄陂南路",1,12,31.2247598576,121.4687167372,31.2228424405,121.4732603993,31.228753,121.479798
"黄兴公园",8,27,31.2979254235,121.5288782986,31.2958673312,121.5332181128,31.301934,121.539677
"黄兴路",8,25,31.2807326557,121.5235600713,31.2786924658,121.5279374364,31.284573,121.534441
"惠南",16,5,31.0558696842,121.7575806583,31.0537696053,121.7619365657,31.059659,121.768452
"惠南东",16,4,31.0285604686,121.7889897105,31.026418356,121.793308067,31.032764,121.799711
"嘉定北",11,31,31.3934423297,121.2330524422,31.3914963181,121.2374995447,31.397409,121.24401
"嘉定西",11,30,31.379073725,121.2234701429,31.3771318789,121.2279226099,31.383236,121.234404
"嘉定新城",11,28,31.3320597046,121.2499941553,31.3300849593,121.2544251646,31.335744,121.26104
"嘉善路",12,20,31.2048099778,121.4562128935,31.2029059194,121.4607833777,31.209004,121.467263
"嘉善路",9,8,31.2048099778,121.4562128935,31.2029059194,121.4607833777,31.209004,121.467263
"剑川路",5,6,31.0284232978,121.4118657347,31.0264834468,121.4164952275,31.032572,121.422973
"江宁路",13,11,31.2460475058,121.4395275272,31.2441992875,121.4441462911,31.250553,121.450568
"江浦公园",12,11,31.2666687284,121.5193980783,31.2646237369,121.523770079,31.270507,121.530286
"江浦路",8,24,31.2771081105,121.5138467029,31.2751000138,121.5182562545,31.280818,121.524804
"江苏路",11,16,31.2220367158,121.4266507756,31.2201926933,121.4312856328,31.226546,121.437716
"江苏路",2,23,31.2220367158,121.4266507756,31.2201926933,121.4312856328,31.226546,121.437716
"江湾体育场",10,4,31.3050230474,121.5096689376,31.3030247563,121.5140838536,31.308746,121.520633
"江湾镇",3,19,31.30732647,121.4805687263,31.3054152613,121.4850909307,31.311153,121.491636
"江杨北路",3,29,31.4096632165,121.4351934107,31.4078730781,121.4398282679,31.414218,121.446217
"江月路",8,3,31.0863667014,121.504168638,31.0842626911,121.5085620964,31.089988,121.515133
"交通大学",11,15,31.204057119,121.4299248809,31.20220353,121.4345543737,31.208554,121.440977
"交通大学",10,19,31.204057119,121.4299248809,31.20220353,121.4345543737,31.208554,121.440977
"金海路",12,1,31.2652026615,121.6344411628,31.2630522096,121.6386683242,31.268949,121.645202
"金京路",12,3,31.2819330538,121.6114221477,31.2797601366,121.615622487,31.285413,121.622205
"金科路",2,11,31.2063824249,121.5977815516,31.2041755488,121.6019765265,31.209932,121.608557
"金平路",5,8,31.0129954777,121.40543763,31.0110508258,121.4100671228,31.017141,121.416554
"金桥路",6,11,31.2593585698,121.5776790945,31.2571849614,121.5818955271,31.263292,121.588374
"金沙江路",4,23,31.2337239075,121.4083562361,31.2318984269,121.4130018221,31.237991,121.419507
"金沙江路",13,7,31.2337239075,121.4083562361,31.2318984269,121.4130018221,31.237991,121.419507
"金沙江路",3,9,31.2337239075,121.4083562361,31.2318984269,121.4130018221,31.237991,121.419507
"金沙江西路",13,2,31.2430418568,121.3306921998,31.2411202594,121.335225133,31.2474,121.34169
"金运路",13,1,31.2429383905,121.3150832728,31.2409984483,121.3195947484,31.247368,121.326035
"锦江乐园",1,4,31.1440961272,121.4095626222,31.1422229991,121.4142028438,31.148312,121.42068
"锦绣路",7,4,31.1896650546,121.5356754979,31.1875311379,121.5399777612,31.193767,121.546398
"静安寺",2,22,31.2249036622,121.4428540827,31.2230458782,121.4474728466,31.229402,121.453901
"静安寺",7,15,31.2249036622,121.4428540827,31.2230458782,121.4474728466,31.229402,121.453901
"九亭",9,18,31.1394707321,121.3144447756,31.1374780266,121.3189455223,31.143844,121.325378
"巨峰路",6,8,31.2826855777,121.5848132898,31.2805172448,121.5890189935,31.286432,121.595529
"巨峰路",12,5,31.2826855777,121.5848132898,31.2805172448,121.5890189935,31.286432,121.595529
"康新公路",11,2,31.1326185236,121.613038564,31.1303778749,121.6172281745,31.136033,121.62383
"岚皋路",7,19,31.2581520737,121.4172516318,31.2563315655,121.4218972178,31.262583,121.428339
"蓝村路",6,19,31.2138052896,121.5234737176,31.2117408645,121.5278457183,31.217627,121.534381
"蓝村路",4,10,31.2138052896,121.5234737176,31.2117408645,121.5278457183,31.217627,121.534381
"老西门",8,14,31.2208789347,121.478398521,31.2189292011,121.4829099966,31.224674,121.489485
"老西门",10,15,31.2208789347,121.478398521,31.2189292011,121.4829099966,31.224674,121.489485
"李子园路",11,22,31.2707064188,121.3853172326,31.2688861035,121.3899628187,31.274628,121.396533
"莲花路",1,3,31.1327081484,121.3981575606,31.1308302312,121.4027977822,31.136734,121.409334
"联航路",8,2,31.0760419467,121.5061763923,31.0739331205,121.5105698507,31.079655,121.51713
"临港大道",16,2,30.9263664902,121.906267509,30.9240058527,121.9103444667,30.930354,121.916746
"临平路",4,16,31.2629316382,121.4965810406,31.2609462547,121.5010281431,31.26658,121.507604
"临沂新村",6,21,31.1952720533,121.5121160616,31.1932255461,121.5165202488,31.198949,121.52308
"灵岩南路",6,27,31.1507405986,121.4906329801,31.1487297391,121.4951069047,31.154367,121.50168
"凌空路",2,4,31.1948852813,121.7193768029,31.1928387741,121.7237327103,31.198595,121.730308
"凌兆新村",8,6,31.1430695985,121.4852319801,31.141058739,121.4897059047,31.146696,121.496279
"刘行",7,30,31.3594871595,121.3576794444,31.357664002,121.3622874795,31.363427,121.368889
"龙柏新村",10,29,31.1791145306,121.3657902367,31.1772328164,121.3704036362,31.182886,121.37699
"龙漕路",12,24,31.1718162734,121.4395952095,31.1699345592,121.444208609,31.176281,121.450601
"龙漕路",3,3,31.1718162734,121.4395952095,31.1699345592,121.444208609,31.176281,121.450601
"龙华",11,12,31.1749033845,121.4482221796,31.1730079015,121.4528141214,31.179259,121.459229
"龙华",12,23,31.1749033845,121.4482221796,31.1730079015,121.4528141214,31.179259,121.459229
"龙华中路",7,11,31.1869598857,121.4525907582,31.1850691921,121.4571827,31.191322,121.463605
"龙华中路",12,22,31.1869598857,121.4525907582,31.1850691921,121.4571827,31.191322,121.463605
"龙溪路",10,24,31.1960855033,121.3752361069,31.1942225412,121.3798655997,31.199878,121.386467
"龙阳路",2,13,31.2049601206,121.5532227914,31.2028128905,121.5574982326,31.209155,121.563913
"龙阳路",7,2,31.2049601206,121.5532227914,31.2028128905,121.5574982326,31.209155,121.563913
"龙阳路",16,13,31.2049601206,121.5532227914,31.2028128905,121.5574982326,31.209155,121.563913
"龙耀路",11,10,31.1619497071,121.4549806383,31.1600264835,121.4595511225,31.166117,121.466
"隆昌路",12,9,31.2772047805,121.5401052183,31.2751095736,121.544412846,31.281347,121.550831
"隆德路",11,17,31.2322917175,121.418873433,31.2304616502,121.423519019,31.236718,121.429975
"隆德路",13,8,31.2322917175,121.418873433,31.2304616502,121.423519019,31.236718,121.429975
"娄山关路",2,25,31.2128890371,121.399620873,31.2110494072,121.404266459,31.216959,121.410818
"芦恒路",8,5,31.1212900378,121.4933069367,31.1192601722,121.4977754969,31.124907,121.504377
"鲁班路",4,6,31.2009666484,121.4699304479,31.1990348569,121.47447411,31.20494,121.480988
"陆家浜路",9,5,31.2136179347,121.481629521,31.2116682011,121.4861409966,31.217413,121.492716
"陆家浜路",8,13,31.2136179347,121.481629521,31.2116682011,121.4861409966,31.217413,121.492716
"陆家嘴",2,18,31.239995091,121.4977779854,31.2379953165,121.5022197235,31.243637,121.508824
"罗南新村",7,32,31.3902915003,121.3530603436,31.388459766,121.3576522854,31.394383,121.364185
"罗山路",16,11,31.1555339024,121.589014297,31.1533029075,121.5932092719,31.159221,121.599723
"罗山路",11,4,31.1555339024,121.589014297,31.1533029075,121.5932092719,31.159221,121.599723
"马当路",13,17,31.2113693704,121.4722331213,31.2094471627,121.4767767834,31.215357,121.48331
"马当路",9,6,31.2113693704,121.4722331213,31.2094471627,121.4767767834,31.215357,121.48331
"马陆",11,27,31.3213397461,121.27177234,31.3193647909,121.2762087137,31.32511,121.282799
"美兰湖",7,33,31.4037600135,121.3453109261,31.4019332479,121.3499028679,31.407854,121.356426
"民生路",6,15,31.2379816136,121.5391702969,31.2358717585,121.5434725601,31.242115,121.549926
"闵行开发区",5,11,31.0026304185,121.365281387,31.0006533778,121.3698786933,31.006315,121.376495
"南陈路",7,26,31.3231109856,121.3940247587,31.3213193227,121.3986810735,31.327225,121.405224
"南京东路",2,19,31.239933223,121.4797668684,31.2379930754,121.484278344,31.243738,121.490857
"南京东路",10,13,31.239933223,121.4797668684,31.2379930754,121.484278344,31.243738,121.490857
"南京西路",2,21,31.2307646036,121.4561579628,31.2288701223,121.4607338114,31.234971,121.467221
"南京西路",12,18,31.2307646036,121.4561579628,31.2288701223,121.4607338114,31.234971,121.467221
"南京西路",13,14,31.2307646036,121.4561579628,31.2288701223,121.4607338114,31.234971,121.467221
"南浦大桥",4,8,31.2106597394,121.4953023518,31.2086501537,121.4997440899,31.214285,121.506336
"南翔",11,26,31.298913993,121.3188210504,31.2969979976,121.3233378904,31.303357,121.329748
"嫩江路",8,29,31.3169027716,121.5277430567,31.3148496991,121.5320882353,31.320923,121.538559
"宁国路",12,10,31.2707701196,121.528262789,31.2686976167,121.5326026032,31.274769,121.539069
"潘广路",7,31,31.3661064531,121.3511507129,31.3642697485,121.3557426547,31.370197,121.362293
"彭浦新村",1,21,31.3085278526,121.4440726285,31.3066899763,121.4486752992,31.312943,121.455097
"浦电路",4,11,31.2250191291,121.5276829449,31.2229273994,121.5320173947,31.229007,121.538513
"浦电路",6,18,31.2250191291,121.5276829449,31.2229273994,121.5320173947,31.229007,121.538513
"浦东大道",4,13,31.2419614838,121.5151074509,31.2399068866,121.5194794516,31.245796,121.526013
"浦东国际机场",2,1,31.1514128879,121.8022564619,31.1493287914,121.8065640896,31.155679,121.812958
"浦江镇",8,4,31.0986270371,121.5018593877,31.096559996,121.506290397,31.102197,121.512891
"浦三路",11,6,31.1530623213,121.5348239437,31.1509139569,121.5391208425,31.157148,121.54554
"七宝",9,16,31.1573983002,121.3449523581,31.155470283,121.3495228423,31.161393,121.356049
"七莘路",12,32,31.1339575241,121.3586436364,31.1320382832,121.3632355782,31.137797,121.369818
"祁华路",7,28,31.3242646132,121.3689210682,31.3224454565,121.3735451965,31.328108,121.38016
"祁连山路",11,23,31.2733869928,121.3712883821,31.2715485315,121.375907146,31.277205,121.382499
"祁连山南路",13,4,31.2392759583,121.3629440147,31.2374046109,121.367541321,31.243169,121.374143
"曲阜路",12,16,31.2443027129,121.4669357702,31.2423948741,121.4714847967,31.248303,121.478011
"曲阜路",8,17,31.2443027129,121.4669357702,31.2423948741,121.4714847967,31.248303,121.478011
"曲阳路",8,21,31.2784361066,121.4859883022,31.2764876115,121.4904729557,31.282122,121.497039
"人民广场",2,20,31.2348046784,121.469952249,31.2328920509,121.4744959111,31.238802,121.481033
"人民广场",1,13,31.2348046784,121.469952249,31.2328920509,121.4744959111,31.238802,121.481033
"人民广场",8,16,31.2348046784,121.469952249,31.2328920509,121.4744959111,31.238802,121.481033
"三林",11,8,31.1450378036,121.5066022185,31.1429672604,121.5110010413,31.148688,121.517556
"三林东",11,7,31.1486123994,121.5188131214,31.1465097188,121.5231743933,31.152393,121.529691
"三门路",10,3,31.314943032,121.5036676755,31.3129770326,121.5081201425,31.318613,121.514701
"陕西南路",12,19,31.2177383848,121.4542643191,31.2158391154,121.4588348033,31.221939,121.465323
"陕西南路",1,11,31.2177383848,121.4542643191,31.2158391154,121.4588348033,31.221939,121.465323
"陕西南路",10,17,31.2177383848,121.4542643191,31.2158391154,121.4588348033,31.221939,121.465323
"商城路",9,3,31.2324239309,121.5119026662,31.2303966362,121.5163122178,31.236125,121.52289
"上大路",7,25,31.3173500781,121.4035864634,31.3155536421,121.4082427782,31.321458,121.414775
"上海大学",7,27,31.3223095908,121.3840585768,31.3205133456,121.3887095272,31.326259,121.395296
"上海动物园",10,25,31.1921799266,121.3624211744,31.1902894329,121.3670184807,31.196049,121.373597
"上海儿童医学中心",6,20,31.2055839309,121.5188916282,31.2035146993,121.5232582645,31.209399,121.52979
"上海火车站",3,13,31.2507567527,121.4529267306,31.2488949731,121.4575294013,31.255155,121.46396
"上海火车站",1,16,31.2507567527,121.4529267306,31.2488949731,121.4575294013,31.255155,121.46396
"上海火车站",4,19,31.2507567527,121.4529267306,31.2488949731,121.4575294013,31.255155,121.46396
"上海科技馆",2,15,31.221394851,121.5398645808,31.2192801854,121.5441668441,31.225524,121.550621
"上海马戏城",1,19,31.2814397622,121.4474882389,31.2795923273,121.4520909096,31.285845,121.458503
"上海南站",1,5,31.1559391974,121.4256838276,31.1540616764,121.4303133203,31.160405,121.436708
"上海南站",3,1,31.1559391974,121.4256838276,31.1540616764,121.4303133203,31.160405,121.436708
"上海汽车城",11,34,31.2872479119,121.1763162565,31.2853408818,121.1808330965,31.291581,121.18725
"上海赛车场",11,32,31.3337911387,121.2216806528,31.3318393025,121.2261331198,31.337944,121.232625
"上海体育场",4,3,31.187708762,121.439235062,31.1858318357,121.4438484615,31.19218,121.450248
"上海体育馆",1,7,31.1843318483,121.4323707364,31.1824686893,121.4370002292,31.188814,121.443402
"上海体育馆",4,2,31.1843318483,121.4323707364,31.1824686893,121.4370002292,31.188814,121.443402
"上海图书馆",10,18,31.2099530495,121.4397372044,31.2080856962,121.4443559683,31.214439,121.450771
"上海西站",11,21,31.2644558424,121.3967623331,31.2626401123,121.4014132835,31.268542,121.40794
"上海游泳馆",11,13,31.180893762,121.437013062,31.1790168357,121.4416264615,31.185365,121.448026
"上南路",6,26,31.1511968987,121.5019433655,31.1491539018,121.5063797392,31.154788,121.512956
"佘山",9,20,31.1067579198,121.2252894912,31.1046865034,121.2297097717,31.110609,121.236257
"申江路",12,2,31.2823765175,121.6230019134,31.2802127688,121.6272076171,31.285856,121.633793
"莘庄",1,1,31.1128250311,121.3803798526,31.1109237555,121.3849986165,31.116581,121.391623
"莘庄",5,1,31.1128250311,121.3803798526,31.1109237555,121.3849986165,31.116581,121.391623
"石龙路",3,2,31.159849079,121.4386241384,31.1579577863,121.4432375379,31.164304,121.44963
"世博大道",13,19,31.1844565002,121.4798800934,31.1824923808,121.484391569,31.18823,121.490937
"世博会博物馆",13,18,31.1988252229,121.4774478843,31.1968658997,121.4819593599,31.202606,121.488515
"世纪大道",4,12,31.2310224576,121.522523268,31.2289628381,121.5268952687,31.23485,121.533435
"世纪大道",2,16,31.2310224576,121.522523268,31.2289628381,121.5268952687,31.23485,121.533435
"世纪大道",6,17,31.2310224576,121.522523268,31.2289628381,121.5268952687,31.23485,121.533435
"世纪大道",9,2,31.2310224576,121.522523268,31.2289628381,121.5268952687,31.23485,121.533435
"世纪公园",2,14,31.2117314871,121.5464768901,31.2095890718,121.5507523313,31.215933,121.557176
"市光路",8,30,31.3244893992,121.5277000734,31.322441127,121.532045252,31.328516,121.538527
"书院",16,3,30.9616325207,121.8464546654,30.9593556669,121.8506228182,30.965002,121.85722
"水产路",3,25,31.383246856,121.4836401405,31.3813647485,121.4881677093,31.387101,121.494718
"水城路",10,23,31.2011754773,121.3872174242,31.1993264765,121.3918576458,31.205074,121.398444
"四川北路",10,11,31.2539226079,121.4796976313,31.2519920426,121.4842144713,31.257732,121.490774
"四平路",8,22,31.2771283008,121.4971539909,31.2751477126,121.5016010934,31.280779,121.50817
"四平路",10,8,31.2771283008,121.4971539909,31.2751477126,121.5016010934,31.280779,121.50817
"泗泾",9,19,31.1203952942,121.2562255017,31.1183195035,121.2606404177,31.123976,121.267259
"松江大学城",9,22,31.0562272711,121.2282746123,31.0541317876,121.2326895283,31.060041,121.239201
"松江南站",9,26,30.9871726555,121.2267196615,30.9850342426,121.2311292131,30.990955,121.237677
"松江体育中心",9,24,31.0182534406,121.2261832955,31.0161340898,121.2305982115,31.022049,121.237126
"松江新城",9,23,31.032406352,121.2263324033,31.030296639,121.2307473194,31.036209,121.237259
"淞滨路",3,24,31.3728365322,121.4883096809,31.3709221651,121.4927996988,31.376563,121.499387
"淞发路",3,22,31.3471179567,121.4960828867,31.3451617466,121.5005353537,31.350804,121.50714
"淞虹路",2,28,31.2201146437,121.3546018493,31.2182337249,121.3591991556,31.223998,121.365797
"宋园路",10,21,31.1984499753,121.4073062064,31.1966053677,121.4119517924,31.202693,121.418434
"唐镇",2,8,31.2158926466,121.6518769004,31.2137318806,121.6561147906,31.219828,121.662625
"塘桥",4,9,31.2115852896,121.5144457176,31.2095208645,121.5188177183,31.215407,121.525353
"桃浦新村",11,25,31.2835929513,121.3448323703,31.2817271794,121.3494135833,31.287647,121.355937
"提篮桥",12,13,31.2554944328,121.502247976,31.2535042532,121.5066950785,31.259141,121.51328
"天潼路",12,15,31.2462805219,121.4776983657,31.2443451659,121.4822152057,31.250088,121.488783
"天潼路",10,12,31.2462805219,121.4776983657,31.2443451659,121.4822152057,31.250088,121.488783
"铁力路",3,28,31.4099986417,121.4568108544,31.4081718761,121.4613974318,31.414261,121.467851
"通河新村",1,23,31.3332555613,121.4367643993,31.3314457615,121.4413938921,31.337798,121.447817
"同济大学",10,7,31.2845601524,121.5020364662,31.2825843584,121.5064835687,31.288214,121.51305
"外高桥保税区北",6,2,31.3499103189,121.5827255007,31.3477708552,121.5869472977,31.353883,121.593445
"外高桥保税区南",6,4,31.3236278197,121.5978771892,31.3214695719,121.6020828929,31.327228,121.608663
"外环路",1,2,31.1230707,121.3885913608,31.1211834008,121.3932208536,31.126929,121.399814
"威宁路",2,26,31.2166781938,121.382420783,31.2148248009,121.3870502757,31.220485,121.393671
"文井路",5,10,31.0055063626,121.3760919562,31.0035431153,121.3807053556,31.009198,121.387319
"汶水路",1,20,31.2944052812,121.4455427974,31.2925626261,121.4501454681,31.298815,121.45656
"五角场",10,5,31.3000874795,121.5102340781,31.2980843925,121.5146489941,31.303805,121.521191
"五莲路",6,9,31.2740697617,121.5838612489,31.2719057834,121.5880776815,31.278007,121.59454
"五洲大道",6,6,31.3048687597,121.5851206404,31.3027054702,121.5893317086,31.308625,121.595846
"武宁路",13,9,31.2357777943,121.4256106423,31.2339385537,121.4302454995,31.240291,121.436675
"武威路",11,24,31.2789232471,121.3601487903,31.2770710316,121.364751461,31.282825,121.371318
"西藏北路",8,19,31.2653960233,121.4641924004,31.2634977592,121.4687414269,31.2694,121.47525
"西藏南路",8,12,31.2040112041,121.4850539006,31.2020291473,121.4895331897,31.207672,121.496122
"西藏南路",4,7,31.2040112041,121.4850539006,31.2020291473,121.4895331897,31.207672,121.496122
"翔殷路",8,28,31.3070099932,121.527666211,31.3049521194,121.5320113896,31.311024,121.538472
"小南门",9,4,31.2189885941,121.4938182645,31.2170113346,121.4982975536,31.222656,121.504895
"新场",16,7,31.0476534284,121.6445599253,31.0454060601,121.6487817223,31.051489,121.655259
"新村路",7,20,31.2657242692,121.417954733,31.2639039539,121.422600319,31.270157,121.429033
"新江湾城",10,1,31.3307749489,121.5021439307,31.3288137407,121.5065963977,31.334451,121.513188
"新天地",13,16,31.2180103704,121.4706091213,31.2160881627,121.4751527834,31.221998,121.481686
"新天地",10,16,31.2180103704,121.4706091213,31.2160881627,121.4751527834,31.221998,121.481686
"新闸路",1,14,31.2404884226,121.4637397758,31.2385987285,121.4683156244,31.244699,121.474802
"星中路",9,15,31.1601003372,121.3643712925,31.158204454,121.3689793276,31.163862,121.375571
"行知路",7,22,31.2867867301,121.416990117,31.2849759692,121.421635703,31.291225,121.428059
"秀沿路",11,3,31.1401022732,121.5945798315,31.1378570329,121.598769442,31.143615,121.605344
"徐家汇",1,8,31.1963815492,121.432131561,31.1945231757,121.4367610538,31.200871,121.443173
"徐家汇",9,10,31.1963815492,121.432131561,31.1945231757,121.4367610538,31.200871,121.443173
"徐家汇",11,14,31.1963815492,121.432131561,31.1945231757,121.4367610538,31.200871,121.443173
"徐泾东",2,31,31.1911671771,121.2966057898,31.1891711449,121.30107435,31.195431,121.307524
"延安西路",4,25,31.2116079114,121.4124366949,31.2097728692,121.4170822808,31.215865,121.423584
"延安西路",3,7,31.2116079114,121.4124366949,31.2097728692,121.4170822808,31.215865,121.423584
"延吉中路",8,26,31.2907199007,121.5306086343,31.2886570058,121.5349484485,31.294724,121.541405
"延长路",1,18,31.2736579081,121.4508757834,31.2718056926,121.4554784541,31.27806,121.461893
"杨高北路",12,4,31.28227418,121.5986675157,31.2801012628,121.602867855,31.285852,121.609423
"杨高南路",7,5,31.1896526717,121.5207745307,31.1875738244,121.525141167,31.193453,121.531652
"杨高中路",9,1,31.2295839275,121.5443184387,31.227446326,121.5485938799,31.233791,121.555022
"杨树浦路",4,14,31.2539752538,121.5129706574,31.2519575599,121.517380209,31.257681,121.523944
"杨思",8,8,31.1630762281,121.4892524272,31.1610749731,121.4937263517,31.16671,121.50029
"耀华路",7,8,31.1804456784,121.4900840185,31.1784492243,121.4945579431,31.184085,121.501124
"耀华路",8,10,31.1804456784,121.4900840185,31.1784492243,121.4945579431,31.184085,121.501124
"上海野生动物园",16,6,31.0524484981,121.6953991417,31.0502978696,121.6997121338,31.056408,121.706186
"伊犁路",10,22,31.2005783671,121.3994931453,31.1987291708,121.4041387314,31.204634,121.410671
"宜山路",4,1,31.1881890767,121.4227295449,31.1863350959,121.4273697665,31.192584,121.433798
"宜山路",9,11,31.1881890767,121.4227295449,31.1863350959,121.4273697665,31.192584,121.433798
"宜山路",3,5,31.1881890767,121.4227295449,31.1863350959,121.4273697665,31.192584,121.433798
"殷高东路",10,2,31.3240669489,121.5021329307,31.3221057407,121.5065853977,31.327743,121.513177
"殷高西路",3,20,31.3217182031,121.4803295034,31.3198165649,121.4848517078,31.325557,121.491418
"银都路",5,3,31.091240144,121.3856474151,31.0893338744,121.3902769078,31.095083,121.396872
"邮电新村",10,9,31.2705031671,121.4898013638,31.2685498802,121.4942806529,31.274187,121.500859
"友谊路",3,27,31.4058806259,121.4714813443,31.4040309682,121.4760410996,31.40993,121.48254
"友谊西路",1,27,31.3832640102,121.4232474789,31.3814872285,121.4279037937,31.38774,121.434336
"御桥",11,5,31.1606123918,121.5667231906,31.1583997592,121.5709449876,31.164663,121.577365
"豫园",10,14,31.2302044147,121.4828091108,31.2282594746,121.4873205864,31.234005,121.4939
"源深体育中心",6,16,31.2350518914,121.5300626611,31.2329649698,121.5343971109,31.239044,121.540892
"远东大道",2,3,31.2014837389,121.7512036676,31.1994603888,121.7555756683,31.205201,121.76216
"云锦路",11,11,31.1682999418,121.4539095934,31.1663996686,121.4585015352,31.17265,121.464914
"云山路",6,12,31.2525559352,121.5686465091,31.2503914983,121.5728790349,31.256659,121.579314
"云台路",7,7,31.1841514611,121.4962545782,31.1821322723,121.5006963163,31.187762,121.507267
"张华浜",3,23,31.359973105,121.4943493621,31.3580216838,121.4988018291,31.363662,121.505406
"张江高科",2,12,31.2039668731,121.583364645,31.2017691733,121.5875757132,31.207879,121.594061
"长江南路",3,21,31.3339519862,121.4870975709,31.3320230591,121.4915875888,31.337669,121.498185
"长清路",7,9,31.1765629901,121.481595527,31.1745940736,121.4861016381,31.18033,121.492645
"长寿路",13,10,31.2422018183,121.4337032368,31.2403673586,121.438338094,31.246718,121.444762
"长寿路",7,17,31.2422018183,121.4337032368,31.2403673586,121.438338094,31.246718,121.444762
"兆丰路",11,36,31.2907317054,121.1455050835,31.2888796863,121.1500809321,31.294607,121.156631
"肇嘉浜路",7,13,31.2010151881,121.4454278838,31.1991340705,121.4500251901,31.205392,121.456463
"肇嘉浜路",9,9,31.2010151881,121.4454278838,31.1991340705,121.4500251901,31.205392,121.456463
"真北路",13,5,31.2340454801,121.3776329656,31.2322016528,121.3822624584,31.237862,121.388887
"真如",11,20,31.2524123792,121.402647261,31.250591871,121.4072982114,31.256497,121.413834
"镇坪路",4,21,31.2484838183,121.4257462368,31.2466493586,121.430381094,31.253,121.436805
"镇坪路",3,11,31.2484838183,121.4257462368,31.2466493586,121.430381094,31.253,121.436805
"镇坪路",7,18,31.2484838183,121.4257462368,31.2466493586,121.430381094,31.253,121.436805
"中春路",9,17,31.1516471005,121.3337789071,31.1496823588,121.3383064759,31.155955,121.344742
"中华艺术宫",8,11,31.1876939099,121.4897018624,31.1857022558,121.494175787,31.19134,121.500749
"中山北路",1,17,31.261058047,121.4545767136,31.259182709,121.4591525622,31.265275,121.465616
"中山公园",3,8,31.2199059114,121.4118296948,31.2180708692,121.4164752808,31.224163,121.422977
"中山公园",4,24,31.2199059114,121.4118296948,31.2180708692,121.4164752808,31.224163,121.422977
"中山公园",2,24,31.2199059114,121.4118296948,31.2180708692,121.4164752808,31.224163,121.422977
"中潭路",4,20,31.2565145858,121.4364201339,31.254671149,121.4410388978,31.261022,121.447452
"中潭路",3,12,31.2565145858,121.4364201339,31.254671149,121.4410388978,31.261022,121.447452
"中兴路",8,18,31.2550328006,121.4643443258,31.2531297496,121.4688933523,31.259035,121.475411
"周浦东",16,10,31.1122941261,121.6027549708,31.1100392274,121.6069445813,31.1158,121.613533
"洲海路",6,5,31.3145925742,121.585186483,31.3124340972,121.5893975512,31.318355,121.595922
"颛桥",5,4,31.0688581654,121.3972780431,31.0669421042,121.4019129003,31.072842,121.408435
"紫藤路",10,30,31.1716777151,121.3598115972,31.1697776425,121.364403539,31.175533,121.37097
"自然博物馆",13,13,31.2377064226,121.4582167758,31.2358167285,121.4627926244,31.241917,121.469279
"醉白池",9,25,31.0031950033,121.2248777745,31.0010708323,121.2292873261,31.006987,121.235829
